Version 0.9.7
5
 4 10 175 77 128 0 1
 5 80 400 206 81 2 2
 0 110 110 877 276 8 3
 1 399 410 206 81 140 4
 3 372 36 203 58 160 6
 0
12
 255 5 71 189 71 189 71 137 71 137 163 137 163 137 0 1 0 3
 255 5 930 137 930 137 930 137 930 358 930 358 930 358 0 3 0 3
 0 5 71 288 71 288 71 371 71 371 163 371 163 371 0 1 0 3
 0 5 930 371 930 371 942 371 942 124 930 124 930 124 0 3 0 3
 0 5 358 371 358 371 358 479 358 479 414 479 414 479 0 3 0 4
 0 5 384 124 384 124 384 73 384 73 383 73 383 73 0 3 0 6
 255 5 410 358 410 358 410 421 410 421 414 421 414 421 0 3 0 4
 33023 5 462 280 462 280 462 421 462 421 455 421 455 421 0 3 0 4
 65280 5 475 293 475 293 475 421 475 421 474 421 474 421 0 3 0 4
 4227072 5 488 293 488 293 558 293 558 293 558 80 558 80 0 3 0 6
 0 5 540 319 540 319 540 319 540 371 540 371 540 371 0 3 0 3
 255 5 462 176 462 176 462 176 462 137 462 137 462 137 0 3 0 3
1
 7000 1 14 456 228 5 0 -586019435 -2 3
