Version 0.9.7
5
 4 10 175 77 128 0 1
 5 80 400 206 81 2 2
 0 95 115 877 276 8 3
 1 168 404 206 81 140 4
 3 158 42 203 58 150 5
 0
36
 255 5 71 189 71 189 71 142 71 142 148 142 148 142 0 1 0 3
 255 5 187 142 187 142 187 142 187 181 187 181 187 181 0 3 0 3
 255 5 291 142 291 142 291 142 291 181 291 181 291 181 0 3 0 3
 255 5 395 142 395 142 395 142 395 181 395 181 395 181 0 3 0 3
 255 5 71 228 89 228 89 335 148 335 148 363 148 363 0 1 0 3
 0 5 71 288 71 288 71 376 71 376 148 376 148 376 0 1 0 3
 0 5 183 473 183 473 161 473 161 376 187 376 187 376 0 4 0 3
 0 5 265 324 265 324 265 324 265 376 265 376 265 376 0 3 0 3
 0 5 369 324 369 324 369 324 369 376 369 376 369 376 0 3 0 3
 0 5 473 324 473 324 473 324 473 376 473 376 473 376 0 3 0 3
 0 5 71 249 71 249 59 249 59 106 169 106 169 79 0 1 0 5
 255 5 183 415 183 415 195 415 195 363 187 363 187 363 0 4 0 3
 65535 5 224 415 224 415 207 415 207 324 187 324 187 324 0 4 0 3
 65535 5 187 311 187 311 187 311 200 311 200 311 200 311 0 3 0 3
 16711680 5 226 324 226 324 235 324 235 415 243 415 243 415 0 3 0 4
 16711680 5 226 311 226 311 226 311 239 311 239 311 239 311 0 3 0 3
 16711680 5 252 285 252 285 252 285 252 220 252 220 252 220 0 3 0 3
 65535 5 239 220 239 234 220 234 220 285 213 285 213 285 0 3 0 3
 33023 5 262 415 271 415 271 337 291 337 291 324 291 324 0 4 0 3
 33023 5 291 311 291 311 291 311 304 311 304 311 304 311 0 3 0 3
 33023 5 317 285 317 285 317 285 330 285 330 285 330 285 0 3 0 3
 16711680 5 239 298 239 298 239 303 343 303 343 298 343 298 0 3 0 3
 65280 5 265 220 265 220 265 220 304 220 304 220 304 220 0 3 0 3
 8388672 5 356 285 356 285 356 264 317 264 317 220 317 220 0 3 0 3
 128 5 330 220 330 220 330 220 343 220 343 220 343 220 0 3 0 3
 128 5 343 207 343 207 343 207 356 207 356 207 356 207 0 3 0 3
 128 5 369 220 369 220 369 220 408 220 408 220 408 220 0 3 0 3
 16776960 5 281 415 281 403 396 403 396 324 395 324 395 324 0 4 0 3
 16776960 5 395 311 395 311 395 311 408 311 408 311 408 311 0 3 0 3
 16776960 5 421 285 421 285 421 285 434 285 434 285 434 285 0 3 0 3
 65535 5 187 298 187 298 187 292 447 292 447 298 447 298 0 3 0 3
 16384 5 460 285 460 285 460 244 421 244 421 220 421 220 0 3 0 3
 16744448 5 434 220 434 220 434 220 447 220 447 220 447 220 0 3 0 3
 16744448 5 447 207 447 207 447 207 460 207 460 207 460 207 0 3 0 3
 16744448 5 434 181 434 181 434 100 344 100 344 86 344 86 0 3 0 5
 32896 5 264 86 264 86 264 109 473 109 473 181 473 181 0 5 0 3
3
 7000 1 14 181 233 5 0 -1911487329 -2 3
 7000 1 14 285 233 5 0 -1911487329 -2 3
 7000 1 14 389 233 5 0 -1911487329 -2 3
