Version 0.9.7
5
 4 10 175 77 128 0 1
 5 80 400 206 81 2 2
 0 92 133 877 276 8 3
 1 120 419 206 81 140 4
 3 173 50 203 58 150 5
 0
30
 255 5 71 189 71 189 71 160 71 160 145 160 145 160 0 1 0 3
 0 5 71 288 71 288 91 288 91 394 145 394 145 394 0 1 0 3
 255 5 135 430 135 430 54 430 54 228 71 228 71 228 0 4 0 1
 0 5 71 275 71 275 71 488 71 488 135 488 135 488 0 1 0 4
 65793 5 71 249 89 249 89 84 184 84 184 87 184 87 0 1 0 5
 65793 5 561 394 561 394 561 394 561 342 561 342 561 342 0 3 0 3
 255 5 223 160 223 160 223 160 223 199 223 199 223 199 0 3 0 3
 65535 5 353 342 353 342 355 342 355 413 176 413 176 430 0 3 0 4
 65535 5 366 342 366 342 366 352 275 352 275 342 275 342 0 3 0 3
 16711680 5 195 430 195 430 195 421 379 421 379 342 379 342 0 4 0 3
 16711680 5 262 342 262 342 262 359 392 359 392 342 392 342 0 3 0 3
 65793 5 301 342 301 342 301 342 301 394 301 394 301 394 0 3 0 3
 65535 5 223 342 223 355 166 355 166 443 176 443 176 443 0 3 0 4
 33023 5 233 430 233 430 233 436 405 436 405 342 405 342 0 4 0 3
 33023 5 418 342 418 342 418 335 236 335 236 342 236 342 0 3 0 3
 32896 5 483 342 483 342 483 322 249 322 249 342 249 342 0 3 0 3
 16744703 5 418 238 426 238 426 405 214 405 214 430 214 430 0 3 0 4
 16744703 5 249 238 249 238 249 231 431 231 431 238 431 238 0 3 0 3
 16711680 5 195 443 195 443 204 443 204 244 236 244 236 238 0 4 0 3
 65280 5 288 238 288 238 293 238 293 342 288 342 288 342 0 3 0 3
 8388736 5 262 238 262 238 262 238 275 238 275 238 275 238 0 3 0 3
 8388672 5 301 238 301 238 301 225 392 225 392 238 392 238 0 3 0 3
 8388672 5 405 238 405 238 405 269 496 269 496 303 496 303 0 3 0 3
 255 5 483 160 483 160 483 160 483 199 483 199 483 199 0 3 0 3
 8388863 5 509 303 509 303 509 303 509 147 509 147 509 147 0 3 0 3
 8388863 5 223 147 223 147 223 94 223 94 219 94 219 94 0 3 0 5
 255 5 353 199 353 199 353 199 353 160 353 160 353 160 0 3 0 3
 65793 5 431 342 431 342 431 342 431 394 431 394 431 394 0 3 0 3
 128 5 379 199 379 199 379 120 239 120 239 94 239 94 0 3 0 5
 8388863 5 366 147 366 147 366 147 366 199 366 199 366 199 0 3 0 3
3
 7000 1 14 217 251 5 0 1567480132 -2 3
 7000 1 14 477 251 5 0 1567480132 -2 3
 7004 1 14 347 251 5 0 1567480132 -2 3
